{
  "focal_len": 700.0,
  "cx": 256.0,
  "cy": 256.0,
  "frames": [
    {
      "img_id": 0,
      "aud_id": 0,
      "transform_matrix": [
        [
          0.9825206398963928,
          -0.18581369519233704,
          -0.011243194341659546,
          -0.029734548181295395
        ],
        [
          0.18592469394207,
          0.9765274524688721,
          0.10874776542186737,
          0.03704633563756943
        ],
        [
          -0.009227534756064415,
          -0.10893731564283371,
          0.9940057992935181,
          0.504269003868103
        ],
        [
          0.0,
          0.0,
          0.0,
          1.0
        ]
      ]
    },
    {
      "img_id": 1,
      "aud_id": 1,
      "transform_matrix": [
        [
          0.9814363718032837,
          -0.19151444733142853,
          -0.010242966003715992,
          -0.029513642191886902
        ],
        [
          0.19146643579006195,
          0.9752992987632751,
          0.110145203769207,
          0.037852734327316284
        ],
        [
          -0.011104438453912735,
          -0.11006169021129608,
          0.9938627481460571,
          0.5041417479515076
        ],
        [
          0.0,
          0.0,
          0.0,
          1.0
        ]
      ]
    },
    {
      "img_id": 2,
      "aud_id": 2,
      "transform_matrix": [
        [
          0.9804546236991882,
          -0.19657379388809204,
          -0.008219185285270214,
          -0.029551750048995018
        ],
        [
          0.19627316296100616,
          0.9743534922599792,
          0.11005526036024094,
          0.03793250024318695
        ],
        [
          -0.013625589199364185,
          -0.10951739549636841,
          0.9938914775848389,
          0.5035256743431091
        ],
        [
          0.0,
          0.0,
          0.0,
          1.0
        ]
      ]
    },
    {
      "img_id": 3,
      "aud_id": 3,
      "transform_matrix": [
        [
          0.9788469076156616,
          -0.20435039699077606,
          -0.009989887475967407,
          -0.03118167445063591
        ],
        [
          0.20403161644935608,
          0.9713705778121948,
          0.12169793993234634,
          0.04382050409913063
        ],
        [
          -0.015165137127041817,
          -0.12116189301013947,
          0.9925169348716736,
          0.5029230117797852
        ],
        [
          0.0,
          0.0,
          0.0,
          1.0
        ]
      ]
    },
    {
      "img_id": 4,
      "aud_id": 4,
      "transform_matrix": [
        [
          0.9760311245918274,
          -0.2172331064939499,
          -0.013154285028576851,
          -0.03306819126009941
        ],
        [
          0.21693941950798035,
          0.9663357138633728,
          0.13832063972949982,
          0.05224042013287544
        ],
        [
          -0.017336366698145866,
          -0.13785894215106964,
          0.990300178527832,
          0.5019505023956299
        ],
        [
          0.0,
          0.0,
          0.0,
          1.0
        ]
      ]
    },
    {
      "img_id": 5,
      "aud_id": 5,
      "transform_matrix": [
        [
          0.9723023176193237,
          -0.23322336375713348,
          -0.01533312164247036,
          -0.034480273723602295
        ],
        [
          0.23285673558712006,
          0.9609403610229492,
          0.1495705544948578,
          0.05843468755483627
        ],
        [
          -0.02014913223683834,
          -0.1489982157945633,
          0.9886321425437927,
          0.5003097653388977
        ],
        [
          0.0,
          0.0,
          0.0,
          1.0
        ]
      ]
    },
    {
      "img_id": 6,
      "aud_id": 6,
      "transform_matrix": [
        [
          0.9709349870681763,
          -0.23897632956504822,
          -0.013252023607492447,
          -0.034180428832769394
        ],
        [
          0.23794518411159515,
          0.9578055739402771,
          0.16121616959571838,
          0.06442215293645859
        ],
        [
          -0.025833990424871445,
          -0.1596836894750595,
          0.9868301749229431,
          0.49857401847839355
        ],
        [
          0.0,
          0.0,
          0.0,
          1.0
        ]
      ]
    },
    {
      "img_id": 7,
      "aud_id": 7,
      "transform_matrix": [
        [
          0.9669004082679749,
          -0.25492000579833984,
          -0.010922444984316826,
          -0.03283528983592987
        ],
        [
          0.25315356254577637,
          0.9530912041664124,
          0.16592304408550262,
          0.06658320128917694
        ],
        [
          -0.03188701719045639,
          -0.1631961166858673,
          0.9860782027244568,
          0.4968113303184509
        ],
        [
          0.0,
          0.0,
          0.0,
          1.0
        ]
      ]
    },
    {
      "img_id": 8,
      "aud_id": 8,
      "transform_matrix": [
        [
          0.9616566300392151,
          -0.2742154896259308,
          -0.00473429262638092,
          -0.029582729563117027
        ],
        [
          0.2711300551891327,
          0.9479538202285767,
          0.16694889962673187,
          0.06753600388765335
        ],
        [
          -0.04129208251833916,
          -0.16183112561702728,
          0.9859541654586792,
          0.49529576301574707
        ],
        [
          0.0,
          0.0,
          0.0,
          1.0
        ]
      ]
    },
    {
      "img_id": 9,
      "aud_id": 9,
      "transform_matrix": [
        [
          0.9567843675613403,
          -0.29079756140708923,
          -0.0006683729588985443,
          -0.02771926298737526
        ],
        [
          0.28621792793273926,
          0.9413050413131714,
          0.17895272374153137,
          0.07448701560497284
        ],
        [
          -0.051409874111413956,
          -0.1714104562997818,
          0.9838573932647705,
          0.4932708144187927
        ],
        [
          0.0,
          0.0,
          0.0,
          1.0
        ]
      ]
    },
    {
      "img_id": 10,
      "aud_id": 10,
      "transform_matrix": [
        [
          0.955127477645874,
          -0.29619303345680237,
          -0.0010964088141918182,
          -0.028847437351942062
        ],
        [
          0.2905066907405853,
          0.9360560178756714,
          0.19850708544254303,
          0.08540816605091095
        ],
        [
          -0.05777011439204216,
          -0.18991807103157043,
          0.9800988435745239,
          0.4909871220588684
        ],
        [
          0.0,
          0.0,
          0.0,
          1.0
        ]
      ]
    },
    {
      "img_id": 11,
      "aud_id": 11,
      "transform_matrix": [
        [
          0.953030526638031,
          -0.3028694987297058,
          -0.0017019547522068024,
          -0.029516084119677544
        ],
        [
          0.29619070887565613,
          0.9308112263679504,
          0.21415327489376068,
          0.09385691583156586
        ],
        [
          -0.06327629089355469,
          -0.20459869503974915,
          0.9767985939979553,
          0.4893236458301544
        ],
        [
          0.0,
          0.0,
          0.0,
          1.0
        ]
      ]
    },
    {
      "img_id": 12,
      "aud_id": 12,
      "transform_matrix": [
        [
          0.9495993256568909,
          -0.31339195370674133,
          -0.006825629621744156,
          -0.031860772520303726
        ],
        [
          0.3068934381008148,
          0.9250317215919495,
          0.2239033728837967,
          0.09889117628335953
        ],
        [
          -0.0638555958867073,
          -0.2147132307291031,
          0.9745874404907227,
          0.4881894290447235
        ],
        [
          0.0,
          0.0,
          0.0,
          1.0
        ]
      ]
    },
    {
      "img_id": 13,
      "aud_id": 13,
      "transform_matrix": [
        [
          0.9483104944229126,
          -0.3171899616718292,
          -0.009881805628538132,
          -0.03360505402088165
        ],
        [
          0.31126871705055237,
          0.923641562461853,
          0.22360235452651978,
          0.0987333431839943
        ],
        [
          -0.06179717928171158,
          -0.2151203602552414,
          0.9746303558349609,
          0.48797607421875
        ],
        [
          0.0,
          0.0,
          0.0,
          1.0
        ]
      ]
    },
    {
      "img_id": 14,
      "aud_id": 14,
      "transform_matrix": [
        [
          0.9447833895683289,
          -0.3275567889213562,
          -0.00953972339630127,
          -0.033101458102464676
        ],
        [
          0.32132259011268616,
          0.9203029274940491,
          0.22314640879631042,
          0.09803860634565353
        ],
        [
          -0.06431367248296738,
          -0.21389032900333405,
          0.9747382998466492,
          0.4883616268634796
        ],
        [
          0.0,
          0.0,
          0.0,
          1.0
        ]
      ]
    },
    {
      "img_id": 15,
      "aud_id": 15,
      "transform_matrix": [
        [
          0.9437817335128784,
          -0.33055225014686584,
          -0.0033471807837486267,
          -0.03031250089406967
        ],
        [
          0.3232870399951935,
          0.9208300113677979,
          0.21807685494422913,
          0.09526267647743225
        ],
        [
          -0.069003626704216,
          -0.20689906179904938,
          0.9759258031845093,
          0.48925134539604187
        ],
        [
          0.0,
          0.0,
          0.0,
          1.0
        ]
      ]
    },
    {
      "img_id": 16,
      "aud_id": 16,
      "transform_matrix": [
        [
          0.9431955814361572,
          -0.33223071694374084,
          0.0021702274680137634,
          -0.027729321271181107
        ],
        [
          0.3242507874965668,
          0.9219251871109009,
          0.21193251013755798,
          0.09176453202962875
        ],
        [
          -0.07241128385066986,
          -0.19919012486934662,
          0.9772818684577942,
          0.4900902807712555
        ],
        [
          0.0,
          0.0,
          0.0,
          1.0
        ]
      ]
    },
    {
      "img_id": 17,
      "aud_id": 17,
      "transform_matrix": [
        [
          0.9445087313652039,
          -0.3284566104412079,
          0.004416327923536301,
          -0.027203788980841637
        ],
        [
          0.3207121789455414,
          0.9249798655509949,
          0.20385295152664185,
          0.08742272108793259
        ],
        [
          -0.07104185968637466,
          -0.19112451374530792,
          0.9789915084838867,
          0.49083101749420166
        ],
        [
          0.0,
          0.0,
          0.0,
          1.0
        ]
      ]
    },
    {
      "img_id": 18,
      "aud_id": 18,
      "transform_matrix": [
        [
          0.9453549981117249,
          -0.32602185010910034,
          0.003698740154504776,
          -0.02803744189441204
        ],
        [
          0.3186255097389221,
          0.9261951446533203,
          0.20159457623958588,
          0.08657325059175491
        ],
        [
          -0.06914999336004257,
          -0.18939992785453796,
          0.9794620275497437,
          0.49122336506843567
        ],
        [
          0.0,
          0.0,
          0.0,
          1.0
        ]
      ]
    },
    {
      "img_id": 19,
      "aud_id": 19,
      "transform_matrix": [
        [
          0.9465994834899902,
          -0.32240694761276245,
          -0.001759752631187439,
          -0.030834320932626724
        ],
        [
          0.3159176707267761,
          0.9264292120933533,
          0.20475567877292633,
          0.08876070380210876
        ],
        [
          -0.06438436359167099,
          -0.1943775713443756,
          0.9788115620613098,
          0.4911428987979889
        ],
        [
          0.0,
          0.0,
          0.0,
          1.0
        ]
      ]
    },
    {
      "img_id": 20,
      "aud_id": 20,
      "transform_matrix": [
        [
          0.9471121430397034,
          -0.32086181640625,
          -0.0051236748695373535,
          -0.032058268785476685
        ],
        [
          0.31502529978752136,
          0.926605224609375,
          0.20533350110054016,
          0.08967813104391098
        ],
        [
          -0.06113605573773384,
          -0.19608794152736664,
          0.9786786437034607,
          0.49101945757865906
        ],
        [
          0.0,
          0.0,
          0.0,
          1.0
        ]
      ]
    },
    {
      "img_id": 21,
      "aud_id": 21,
      "transform_matrix": [
        [
          0.9482966661453247,
          -0.3172849714756012,
          -0.00798017904162407,
          -0.033252209424972534
        ],
        [
          0.31230124831199646,
          0.9283289909362793,
          0.2016761600971222,
          0.08810415863990784
        ],
        [
          -0.05658058077096939,
          -0.1937410533428192,
          0.9794197082519531,
          0.4913351833820343
        ],
        [
          0.0,
          0.0,
          0.0,
          1.0
        ]
      ]
    },
    {
      "img_id": 22,
      "aud_id": 22,
      "transform_matrix": [
        [
          0.9505124092102051,
          -0.3105950355529785,
          -0.007541391998529434,
          -0.03295549377799034
        ],
        [
          0.30602118372917175,
          0.9317725896835327,
          0.19532248377799988,
          0.08512581884860992
        ],
        [
          -0.05363932624459267,
          -0.18796426057815552,
          0.9807100892066956,
          0.49193957448005676
        ],
        [
          0.0,
          0.0,
          0.0,
          1.0
        ]
      ]
    },
    {
      "img_id": 23,
      "aud_id": 23,
      "transform_matrix": [
        [
          0.9517819881439209,
          -0.3067306578159332,
          -0.0052275098860263824,
          -0.03137492015957832
        ],
        [
          0.3023683726787567,
          0.935095489025116,
          0.18485073745250702,
          0.07961560785770416
        ],
        [
          -0.05181116983294487,
          -0.17751823365688324,
          0.9827526807785034,
          0.49236828088760376
        ],
        [
          0.0,
          0.0,
          0.0,
          1.0
        ]
      ]
    },
    {
      "img_id": 24,
      "aud_id": 24,
      "transform_matrix": [
        [
          0.9522342085838318,
          -0.3053661584854126,
          -0.0012364722788333893,
          -0.028598645702004433
        ],
        [
          0.300881952047348,
          0.9375439882278442,
          0.17458882927894592,
          0.07458554208278656
        ],
        [
          -0.05215427652001381,
          -0.16662149131298065,
          0.9846406579017639,
          0.4926576614379883
        ],
        [
          0.0,
          0.0,
          0.0,
          1.0
        ]
      ]
    },
    {
      "img_id": 25,
      "aud_id": 25,
      "transform_matrix": [
        [
          0.9546430110931396,
          -0.2977234721183777,
          0.004176240414381027,
          -0.02551327459514141
        ],
        [
          0.292940616607666,
          0.9416334629058838,
          0.16586807370185852,
          0.07106184214353561
        ],
        [
          -0.05331531539559364,
          -0.1571214199066162,
          0.9861390590667725,
          0.4923577606678009
        ],
        [
          0.0,
          0.0,
          0.0,
          1.0
        ]
      ]
    },
    {
      "img_id": 26,
      "aud_id": 26,
      "transform_matrix": [
        [
          0.9561951756477356,
          -0.29269513487815857,
          0.004514701664447784,
          -0.02483900636434555
        ],
        [
          0.2882040739059448,
          0.9440010786056519,
          0.16062501072883606,
          0.06895829737186432
        ],
        [
          -0.05127604305744171,
          -0.15228770673274994,
          0.9870051741600037,
          0.49161311984062195
        ],
        [
          0.0,
          0.0,
          0.0,
          1.0
        ]
      ]
    },
    {
      "img_id": 27,
      "aud_id": 27,
      "transform_matrix": [
        [
          0.9575554728507996,
          -0.2882213294506073,
          0.003999888896942139,
          -0.024358756840229034
        ],
        [
          0.28391775488853455,
          0.9454727172851562,
          0.15960001945495605,
          0.0687955841422081
        ],
        [
          -0.049781911075115204,
          -0.15169021487236023,
          0.9871736168861389,
          0.4906332194805145
        ],
        [
          0.0,
          0.0,
          0.0,
          1.0
        ]
      ]
    },
    {
      "img_id": 28,
      "aud_id": 28,
      "transform_matrix": [
        [
          0.9598830342292786,
          -0.28035688400268555,
          0.004957892000675201,
          -0.02311708591878414
        ],
        [
          0.2758711278438568,
          0.9473946690559387,
          0.16229093074798584,
          0.07048318535089493
        ],
        [
          -0.050196461379528046,
          -0.15441256761550903,
          0.9867304563522339,
          0.48942339420318604
        ],
        [
          0.0,
          0.0,
          0.0,
          1.0
        ]
      ]
    },
    {
      "img_id": 29,
      "aud_id": 29,
      "transform_matrix": [
        [
          0.9594860076904297,
          -0.28165900707244873,
          0.007409129291772842,
          -0.020279332995414734
        ],
        [
          0.2766224443912506,
          0.946674108505249,
          0.16519147157669067,
          0.0718255415558815
        ],
        [
          -0.05354169011116028,
          -0.1564493626356125,
          0.986233651638031,
          0.48801925778388977
        ],
        [
          0.0,
          0.0,
          0.0,
          1.0
        ]
      ]
    },
    {
      "img_id": 30,
      "aud_id": 30,
      "transform_matrix": [
        [
          0.9606543779373169,
          -0.27755501866340637,
          0.010317157953977585,
          -0.017407439649105072
        ],
        [
          0.2717985510826111,
          0.9470786452293396,
          0.1707850694656372,
          0.07435905933380127
        ],
        [
          -0.05717341601848602,
          -0.16126123070716858,
          0.9852542877197266,
          0.4864835739135742
        ],
        [
          0.0,
          0.0,
          0.0,
          1.0
        ]
      ]
    },
    {
      "img_id": 31,
      "aud_id": 31,
      "transform_matrix": [
        [
          0.9630178213119507,
          -0.26926374435424805,
          0.009679332375526428,
          -0.01698976382613182
        ],
        [
          0.2635384500026703,
          0.9488012790679932,
          0.1741369664669037,
          0.07582420855760574
        ],
        [
          -0.05607253313064575,
          -0.1651461273431778,
          0.9846738576889038,
          0.4852455258369446
        ],
        [
          0.0,
          0.0,
          0.0,
          1.0
        ]
      ]
    },
    {
      "img_id": 32,
      "aud_id": 32,
      "transform_matrix": [
        [
          0.9630720615386963,
          -0.2689569592475891,
          0.012422744184732437,
          -0.014439186081290245
        ],
        [
          0.26238736510276794,
          0.9478939175605774,
          0.18069331347942352,
          0.0787021666765213
        ],
        [
          -0.06037416309118271,
          -0.1707611083984375,
          0.9834610223770142,
          0.4841265380382538
        ],
        [
          0.0,
          0.0,
          0.0,
          1.0
        ]
      ]
    },
    {
      "img_id": 33,
      "aud_id": 33,
      "transform_matrix": [
        [
          0.964984118938446,
          -0.26189473271369934,
          0.014724649488925934,
          -0.012476002797484398
        ],
        [
          0.2548379898071289,
          0.9493252635002136,
          0.18395458161830902,
          0.079989954829216
        ],
        [
          -0.062155213207006454,
          -0.17376084625720978,
          0.982824444770813,
          0.48344579339027405
        ],
        [
          0.0,
          0.0,
          0.0,
          1.0
        ]
      ]
    },
    {
      "img_id": 34,
      "aud_id": 34,
      "transform_matrix": [
        [
          0.965609610080719,
          -0.2596582770347595,
          0.013253714889287949,
          -0.011753536760807037
        ],
        [
          0.2536126673221588,
          0.9519032835960388,
          0.1719323992729187,
          0.07348508387804031
        ],
        [
          -0.057259928435087204,
          -0.16265827417373657,
          0.9850196242332458,
          0.48379775881767273
        ],
        [
          0.0,
          0.0,
          0.0,
          1.0
        ]
      ]
    },
    {
      "img_id": 35,
      "aud_id": 35,
      "transform_matrix": [
        [
          0.9670200347900391,
          -0.254154235124588,
          0.016671594232320786,
          -0.009386414662003517
        ],
        [
          0.24804717302322388,
          0.9546031951904297,
          0.16494086384773254,
          0.06965234875679016
        ],
        [
          -0.0578351728618145,
          -0.15536576509475708,
          0.986162543296814,
          0.4844662845134735
        ],
        [
          0.0,
          0.0,
          0.0,
          1.0
        ]
      ]
    },
    {
      "img_id": 36,
      "aud_id": 36,
      "transform_matrix": [
        [
          0.9689413905143738,
          -0.2466375231742859,
          0.01796107366681099,
          -0.008580775000154972
        ],
        [
          0.2402064949274063,
          0.9559584259986877,
          0.16865457594394684,
          0.07075809687376022
        ],
        [
          -0.05876658111810684,
          -0.15910200774669647,
          0.9855116009712219,
          0.4855818748474121
        ],
        [
          0.0,
          0.0,
          0.0,
          1.0
        ]
      ]
    },
    {
      "img_id": 37,
      "aud_id": 37,
      "transform_matrix": [
        [
          0.9708686470985413,
          -0.23909229040145874,
          0.015777017921209335,
          -0.009741961024701595
        ],
        [
          0.23303408920764923,
          0.9574883580207825,
          0.17003250122070312,
          0.07072107493877411
        ],
        [
          -0.05575977638363838,
          -0.1614026427268982,
          0.9853121042251587,
          0.48737192153930664
        ],
        [
          0.0,
          0.0,
          0.0,
          1.0
        ]
      ]
    },
    {
      "img_id": 38,
      "aud_id": 38,
      "transform_matrix": [
        [
          0.9720891714096069,
          -0.23404009640216827,
          0.016369439661502838,
          -0.009856810793280602
        ],
        [
          0.22843681275844574,
          0.9600993394851685,
          0.1613253951072693,
          0.06533895432949066
        ],
        [
          -0.05347290262579918,
          -0.15308327972888947,
          0.9867655038833618,
          0.49032023549079895
        ],
        [
          0.0,
          0.0,
          0.0,
          1.0
        ]
      ]
    },
    {
      "img_id": 39,
      "aud_id": 39,
      "transform_matrix": [
        [
          0.9720757603645325,
          -0.2335585504770279,
          0.02278517745435238,
          -0.00692167691886425
        ],
        [
          0.22955012321472168,
          0.9665517807006836,
          0.11438693106174469,
          0.04040658846497536
        ],
        [
          -0.048739101737737656,
          -0.10596242547035217,
          0.9931749701499939,
          0.4943569302558899
        ],
        [
          0.0,
          0.0,
          0.0,
          1.0
        ]
      ]
    },
    {
      "img_id": 40,
      "aud_id": 40,
      "transform_matrix": [
        [
          0.9695010185241699,
          -0.24332883954048157,
          0.029304157942533493,
          -0.0028624245896935463
        ],
        [
          0.2415597140789032,
          0.9689053893089294,
          0.053583621978759766,
          0.007184399291872978
        ],
        [
          -0.04143139719963074,
          -0.04487067833542824,
          0.9981333017349243,
          0.4971308410167694
        ],
        [
          0.0,
          0.0,
          0.0,
          1.0
        ]
      ]
    },
    {
      "img_id": 41,
      "aud_id": 41,
      "transform_matrix": [
        [
          0.9689973592758179,
          -0.24479295313358307,
          0.03347457945346832,
          -0.000609690323472023
        ],
        [
          0.24429769814014435,
          0.9695290923118591,
          0.018223857507109642,
          -0.01273769699037075
        ],
        [
          -0.03691564500331879,
          -0.009481106884777546,
          0.999273419380188,
          0.4996339976787567
        ],
        [
          0.0,
          0.0,
          0.0,
          1.0
        ]
      ]
    },
    {
      "img_id": 42,
      "aud_id": 42,
      "transform_matrix": [
        [
          0.9688214063644409,
          -0.2450578659772873,
          0.03649209439754486,
          0.0012383852154016495
        ],
        [
          0.24560782313346863,
          0.9693025946617126,
          -0.011369436979293823,
          -0.03032287210226059
        ],
        [
          -0.032585710287094116,
          0.019977698102593422,
          0.9992692470550537,
          0.5018051862716675
        ],
        [
          0.0,
          0.0,
          0.0,
          1.0
        ]
      ]
    },
    {
      "img_id": 43,
      "aud_id": 43,
      "transform_matrix": [
        [
          0.9692020416259766,
          -0.2422441989183426,
          0.04432877153158188,
          0.0054352302104234695
        ],
        [
          0.244269460439682,
          0.9685176610946655,
          -0.048020489513874054,
          -0.05149289220571518
        ],
        [
          -0.031300511211156845,
          0.05736972391605377,
          0.9978622198104858,
          0.5023056268692017
        ],
        [
          0.0,
          0.0,
          0.0,
          1.0
        ]
      ]
    },
    {
      "img_id": 44,
      "aud_id": 44,
      "transform_matrix": [
        [
          0.9711753129959106,
          -0.23320667445659637,
          0.04932781681418419,
          0.007613981142640114
        ],
        [
          0.23636481165885925,
          0.968936026096344,
          -0.07276460528373718,
          -0.06529881060123444
        ],
        [
          -0.030826305970549583,
          0.08232653886079788,
          0.9961285591125488,
          0.5025594234466553
        ],
        [
          0.0,
          0.0,
          0.0,
          1.0
        ]
      ]
    },
    {
      "img_id": 45,
      "aud_id": 45,
      "transform_matrix": [
        [
          0.9723218083381653,
          -0.22881421446800232,
          0.04726823419332504,
          0.006605066359043121
        ],
        [
          0.23207694292068481,
          0.9692264795303345,
          -0.08209912478923798,
          -0.07030791789293289
        ],
        [
          -0.027028178796172142,
          0.09079664200544357,
          0.9955025911331177,
          0.5034467577934265
        ],
        [
          0.0,
          0.0,
          0.0,
          1.0
        ]
      ]
    },
    {
      "img_id": 46,
      "aud_id": 46,
      "transform_matrix": [
        [
          0.9729896783828735,
          -0.22569316625595093,
          0.04851547256112099,
          0.007121894508600235
        ],
        [
          0.22905512154102325,
          0.9700158834457397,
          -0.08125853538513184,
          -0.06924073398113251
        ],
        [
          -0.02872128039598465,
          0.09017642587423325,
          0.9955115914344788,
          0.5042729377746582
        ],
        [
          0.0,
          0.0,
          0.0,
          1.0
        ]
      ]
    },
    {
      "img_id": 47,
      "aud_id": 47,
      "transform_matrix": [
        [
          0.971620500087738,
          -0.2321723848581314,
          0.04527227580547333,
          0.006112478673458099
        ],
        [
          0.23484253883361816,
          0.9697169065475464,
          -0.06706809252500534,
          -0.06066082417964935
        ],
        [
          -0.02832993119955063,
          0.07579658925533295,
          0.9967207312583923,
          0.5055826306343079
        ],
        [
          0.0,
          0.0,
          0.0,
          1.0
        ]
      ]
    },
    {
      "img_id": 48,
      "aud_id": 48,
      "transform_matrix": [
        [
          0.9717668294906616,
          -0.2326166182756424,
          0.039480485022068024,
          0.00310509093105793
        ],
        [
          0.23406986892223358,
          0.9715030789375305,
          -0.0373242013156414,
          -0.04375563561916351
        ],
        [
          -0.02967318333685398,
          0.04551161453127861,
          0.9985229969024658,
          0.5072547197341919
        ],
        [
          0.0,
          0.0,
          0.0,
          1.0
        ]
      ]
    },
    {
      "img_id": 49,
      "aud_id": 49,
      "transform_matrix": [
        [
          0.9728398323059082,
          -0.228810116648674,
          0.035049621015787125,
          0.00024218112230300903
        ],
        [
          0.22900758683681488,
          0.973423182964325,
          -0.0016729477792978287,
          -0.023765847086906433
        ],
        [
          -0.033735327422618866,
          0.009654139168560505,
          0.9993841052055359,
          0.5082044005393982
        ],
        [
          0.0,
          0.0,
          0.0,
          1.0
        ]
      ]
    },
    {
      "img_id": 50,
      "aud_id": 50,
      "transform_matrix": [
        [
          0.9730841517448425,
          -0.22792133688926697,
          0.0340445339679718,
          -0.0003892239183187485
        ],
        [
          0.2268974483013153,
          0.9734107255935669,
          0.031451210379600525,
          -0.005089638754725456
        ],
        [
          -0.04030771553516388,
          -0.022880056872963905,
          0.9989253282546997,
          0.507686197757721
        ],
        [
          0.0,
          0.0,
          0.0,
          1.0
        ]
      ]
    },
    {
      "img_id": 51,
      "aud_id": 51,
      "transform_matrix": [
        [
          0.9730300903320312,
          -0.2282099723815918,
          0.03365422412753105,
          -0.0006376374512910843
        ],
        [
          0.22640596330165863,
          0.9727393388748169,
          0.050186119973659515,
          0.005694549530744553
        ],
        [
          -0.044189754873514175,
          -0.04121308773756027,
          0.9981727004051208,
          0.5061026811599731
        ],
        [
          0.0,
          0.0,
          0.0,
          1.0
        ]
      ]
    },
    {
      "img_id": 52,
      "aud_id": 52,
      "transform_matrix": [
        [
          0.9717299938201904,
          -0.23384834825992584,
          0.03249266743659973,
          -0.0008014775812625885
        ],
        [
          0.2316572517156601,
          0.9709504842758179,
          0.05991687625646591,
          0.011966794729232788
        ],
        [
          -0.04556023329496384,
          -0.050695862621068954,
          0.9976743459701538,
          0.5036590099334717
        ],
        [
          0.0,
          0.0,
          0.0,
          1.0
        ]
      ]
    },
    {
      "img_id": 53,
      "aud_id": 53,
      "transform_matrix": [
        [
          0.9720878601074219,
          -0.23231233656406403,
          0.03280496224761009,
          -0.0011207405477762222
        ],
        [
          0.22943627834320068,
          0.9705052375793457,
          0.07401713728904724,
          0.02084258943796158
        ],
        [
          -0.049032483249902725,
          -0.06442451477050781,
          0.9967172741889954,
          0.5011224746704102
        ],
        [
          0.0,
          0.0,
          0.0,
          1.0
        ]
      ]
    },
    {
      "img_id": 54,
      "aud_id": 54,
      "transform_matrix": [
        [
          0.9725830554962158,
          -0.2306622713804245,
          0.02961558848619461,
          -0.0031533678993582726
        ],
        [
          0.22700922191143036,
          0.9693040251731873,
          0.094427689909935,
          0.033231765031814575
        ],
        [
          -0.05048741400241852,
          -0.08511575311422348,
          0.9950911402702332,
          0.49825602769851685
        ],
        [
          0.0,
          0.0,
          0.0,
          1.0
        ]
      ]
    },
    {
      "img_id": 55,
      "aud_id": 55,
      "transform_matrix": [
        [
          0.9738945364952087,
          -0.22563523054122925,
          0.024861818179488182,
          -0.005899835377931595
        ],
        [
          0.22138915956020355,
          0.9683072566986084,
          0.11562003940343857,
          0.04599788784980774
        ],
        [
          -0.050161831080913544,
          -0.10709758847951889,
          0.9929823279380798,
          0.4946969449520111
        ],
        [
          0.0,
          0.0,
          0.0,
          1.0
        ]
      ]
    },
    {
      "img_id": 56,
      "aud_id": 56,
      "transform_matrix": [
        [
          0.9742952585220337,
          -0.2240658551454544,
          0.023305634036660194,
          -0.006873416714370251
        ],
        [
          0.21887746453285217,
          0.9660276770591736,
          0.13741567730903625,
          0.05813940614461899
        ],
        [
          -0.05330405756831169,
          -0.12878237664699554,
          0.9902392029762268,
          0.4911041855812073
        ],
        [
          0.0,
          0.0,
          0.0,
          1.0
        ]
      ]
    },
    {
      "img_id": 57,
      "aud_id": 57,
      "transform_matrix": [
        [
          0.9733220934867859,
          -0.22841304540634155,
          0.021716449409723282,
          -0.007230632938444614
        ],
        [
          0.22187002003192902,
          0.9610875248908997,
          0.16457346081733704,
          0.07234598696231842
        ],
        [
          -0.05846213549375534,
          -0.1553647667169571,
          0.9861257672309875,
          0.4869740903377533
        ],
        [
          0.0,
          0.0,
          0.0,
          1.0
        ]
      ]
    },
    {
      "img_id": 58,
      "aud_id": 58,
      "transform_matrix": [
        [
          0.9738829731941223,
          -0.22638261318206787,
          0.017401788383722305,
          -0.00924605131149292
        ],
        [
          0.21876634657382965,
          0.9561040997505188,
          0.19495196640491486,
          0.08828295767307281
        ],
        [
          -0.06077165901660919,
          -0.18605346977710724,
          0.9806583523750305,
          0.48227524757385254
        ],
        [
          0.0,
          0.0,
          0.0,
          1.0
        ]
      ]
    },
    {
      "img_id": 59,
      "aud_id": 59,
      "transform_matrix": [
        [
          0.9759158492088318,
          -0.21741902828216553,
          0.01781059429049492,
          -0.009322503581643105
        ],
        [
          0.20760232210159302,
          0.9507177472114563,
          0.23029765486717224,
          0.10653358697891235
        ],
        [
          -0.06700394302606583,
          -0.2210536003112793,
          0.9729572534561157,
          0.4773137867450714
        ],
        [
          0.0,
          0.0,
          0.0,
          1.0
        ]
      ]
    },
    {
      "img_id": 60,
      "aud_id": 60,
      "transform_matrix": [
        [
          0.9767493605613708,
          -0.21389137208461761,
          0.014534763991832733,
          -0.01103956252336502
        ],
        [
          0.20301997661590576,
          0.9446238279342651,
          0.25781509280204773,
          0.12061101198196411
        ],
        [
          -0.0688743069767952,
          -0.2488698661327362,
          0.9660849571228027,
          0.4725912809371948
        ],
        [
          0.0,
          0.0,
          0.0,
          1.0
        ]
      ]
    },
    {
      "img_id": 61,
      "aud_id": 61,
      "transform_matrix": [
        [
          0.9768352508544922,
          -0.21353133022785187,
          0.014041684567928314,
          -0.011354222893714905
        ],
        [
          0.20183436572551727,
          0.9411527514457703,
          0.27109843492507935,
          0.12700234353542328
        ],
        [
          -0.07110338658094406,
          -0.2619844377040863,
          0.9624491930007935,
          0.4691721796989441
        ],
        [
          0.0,
          0.0,
          0.0,
          1.0
        ]
      ]
    },
    {
      "img_id": 62,
      "aud_id": 62,
      "transform_matrix": [
        [
          0.9771544337272644,
          -0.21213583648204803,
          0.012947004288434982,
          -0.01195627823472023
        ],
        [
          0.2000345140695572,
          0.9385737180709839,
          0.281186044216156,
          0.1315786987543106
        ],
        [
          -0.07180136442184448,
          -0.27217233180999756,
          0.9595658779144287,
          0.4664098918437958
        ],
        [
          0.0,
          0.0,
          0.0,
          1.0
        ]
      ]
    },
    {
      "img_id": 63,
      "aud_id": 63,
      "transform_matrix": [
        [
          0.9770861268043518,
          -0.2126588374376297,
          0.008877776563167572,
          -0.013752853497862816
        ],
        [
          0.2010498046875,
          0.9358319044113159,
          0.28947827219963074,
          0.13518616557121277
        ],
        [
          -0.06986821442842484,
          -0.2810603380203247,
          0.9571434259414673,
          0.4641430974006653
        ],
        [
          0.0,
          0.0,
          0.0,
          1.0
        ]
      ]
    },
    {
      "img_id": 64,
      "aud_id": 64,
      "transform_matrix": [
        [
          0.9761024713516235,
          -0.2172490358352661,
          0.00516374409198761,
          -0.015414129011332989
        ],
        [
          0.20755016803741455,
          0.9390401244163513,
          0.27409201860427856,
          0.12801063060760498
        ],
        [
          -0.06439519673585892,
          -0.26647016406059265,
          0.9616895318031311,
          0.4660399556159973
        ],
        [
          0.0,
          0.0,
          0.0,
          1.0
        ]
      ]
    },
    {
      "img_id": 65,
      "aud_id": 65,
      "transform_matrix": [
        [
          0.9769052863121033,
          -0.21355970203876495,
          0.0069448016583919525,
          -0.014841137453913689
        ],
        [
          0.20429211854934692,
          0.9430492520332336,
          0.26253172755241394,
          0.12313161790370941
        ],
        [
          -0.06261548399925232,
          -0.25504985451698303,
          0.9648983478546143,
          0.46906840801239014
        ],
        [
          0.0,
          0.0,
          0.0,
          1.0
        ]
      ]
    },
    {
      "img_id": 66,
      "aud_id": 66,
      "transform_matrix": [
        [
          0.9765397906303406,
          -0.21526814997196198,
          0.005443841218948364,
          -0.015423688106238842
        ],
        [
          0.20658664405345917,
